 ______________________________
|                              |
|                              |
|                              |
|                              |
|                              |
|                              |
|                              |
|                              |
|                              |
|                              |
|                              |
|                              |
|                              |
|                              |
|                              |
|                              |
|                              |
|______________________________|

|                              |
|                              |
|                              |
|                              |

|                              |
|                              |
|                              |
|                              |



|                         11   |
|                        1 1   |
|                          1   |
|                         111  |

|  111                         |
|   1                          |
|   1 1                        |
|   11                         |



|                       222    |
|                      2   2   |
|                         2    |
|                       22222  |

|  22222                       |
|    2                         |
|   2   2                      |
|    222                       |



|                         33   |
|                         __3  |
|                           3  |
|                         33   |

|   33                         |
|  3__                         |
|  3                           |
|   33                         |



|                       4   4  |
|                       44444  |
|                           4  |
|                           4  |

|  4                           |
|  4                           |
|  44444                       |
|  4   4                       |



|                         555  |
|                         5_   |
|                           5  |
|                         555  |

|  555                         |
|  5_                          |
|    5                         |
|  555                         |



|                         666  |
|                        6__   |
|                       6   6  |
|                       6666   |

|   6666                       |
|  6__ 6                       |
|     6                        |
|  666                         |



|                        7777  |
|                           7  |
|                          7   |
|                         7    |

|    7                         |
|   7                          |
|  7                           |
|  7777                        |



|                        8888  |
|                       8__ 8  |
|                      8   8   |
|                      8888    |

|    8888                      |
|   8__ 8                      |
|  8   8                       |
|  8888                        |



|                        999   |
|                       9__ 9  |
|                           9  |
|                        999   |

|   999                        |
|  9 __                        |
|  9   9                       |
|   999                        |



|                   11   000   |
|                  1 1  0   0  |
|                    1  0   0  |
|                   111  000   |

|   000  111                   |
|  0   0  1                    |
|  0   0  1 1                  |
|   000   11                   |



|                       JJJJJ  |
|                         J    |
|                      J  J    |
|                       JJ     |

|     JJ                       |
|    J  J                      |
|    J                         |
|  JJJJJ                       |